2.490555793046951294e-01
2.487568706274032593e-01
2.484304606914520264e-01
2.481143027544021606e-01
2.478021532297134399e-01
2.474909424781799316e-01
2.471806854009628296e-01
2.468713521957397461e-01
2.465630173683166504e-01
2.462579309940338135e-01
2.459497004747390747e-01
2.456447631120681763e-01
2.453408092260360718e-01
2.450378239154815674e-01
2.446951866149902344e-01
2.442525178194046021e-01
2.437883615493774414e-01
2.433096468448638916e-01
2.428205609321594238e-01
2.423240989446640015e-01
2.418224811553955078e-01
2.413173764944076538e-01
2.408101707696914673e-01
2.403019815683364868e-01
2.397936880588531494e-01
2.392860651016235352e-01
2.387801408767700195e-01
2.382841706275939941e-01
2.377867102622985840e-01
2.372891455888748169e-01
2.367924451828002930e-01
2.363018393516540527e-01
2.358165383338928223e-01
2.353065609931945801e-01
2.347489297389984131e-01
2.341816127300262451e-01
2.336196154356002808e-01
2.330571711063385010e-01
2.324957549571990967e-01
2.319365441799163818e-01
2.313803732395172119e-01
2.308279424905776978e-01
2.302798479795455933e-01
2.297365367412567139e-01
2.291984111070632935e-01
2.286657392978668213e-01
2.281387597322463989e-01
2.276176810264587402e-01
2.271025776863098145e-01
2.265936434268951416e-01
2.260908931493759155e-01
2.255943864583969116e-01
2.251041233539581299e-01
2.246201187372207642e-01
2.241423577070236206e-01
2.236707806587219238e-01
2.232053428888320923e-01
2.227459847927093506e-01
2.222926020622253418e-01
2.218451201915740967e-01
2.214034795761108398e-01
2.209675610065460205e-01
2.205371856689453125e-01
2.201123833656311035e-01
2.196929156780242920e-01
2.192865163087844849e-01
2.188851088285446167e-01
2.184885442256927490e-01
2.180967032909393311e-01
2.177094221115112305e-01
2.173266261816024780e-01
2.169481664896011353e-01
2.165738940238952637e-01
2.161481678485870361e-01
2.157047241926193237e-01
2.152453213930130005e-01
2.147842496633529663e-01
2.143311500549316406e-01
2.138806581497192383e-01
2.134336680173873901e-01
2.129908949136734009e-01
2.125529944896697998e-01
2.121203690767288208e-01
2.116934061050415039e-01
2.112722694873809814e-01
2.108571827411651611e-01
2.104482650756835938e-01
2.100454717874526978e-01
2.096488177776336670e-01
2.092582583427429199e-01
2.088736593723297119e-01
2.084949165582656860e-01
2.081218510866165161e-01
2.077543139457702637e-01
2.073921263217926025e-01
2.070350497961044312e-01
2.066828906536102295e-01
2.063354402780532837e-01
2.059924602508544922e-01
2.056537866592407227e-01
2.053191512823104858e-01
2.049883604049682617e-01
2.046612501144409180e-01
2.043374925851821899e-01
2.040170133113861084e-01
2.036995887756347656e-01
2.033849954605102539e-01
2.030825316905975342e-01
2.027937918901443481e-01
2.025029957294464111e-01
2.022110968828201294e-01
2.019188106060028076e-01
2.016268670558929443e-01
2.013404369354248047e-01
2.010676264762878418e-01
2.007951438426971436e-01
2.005229145288467407e-01
2.002509236335754395e-01
1.999792754650115967e-01
1.997185051441192627e-01
1.994574069976806641e-01
1.991980522871017456e-01
1.989420801401138306e-01
1.986911445856094360e-01
1.984407901763916016e-01
1.981904953718185425e-01
1.979449093341827393e-01
1.977008283138275146e-01
1.974564492702484131e-01
1.972166299819946289e-01
1.969769597053527832e-01
1.967443525791168213e-01
1.965088248252868652e-01
1.962734162807464600e-01
1.960432827472686768e-01
1.958132386207580566e-01
1.955836117267608643e-01
1.953597068786621094e-01
1.951335966587066650e-01
1.949088871479034424e-01
1.946879923343658447e-01
1.944672465324401855e-01
1.942468434572219849e-01
1.940269172191619873e-01
1.938112676143646240e-01
1.935940235853195190e-01
1.933801025152206421e-01
1.931680738925933838e-01
1.929562240839004517e-01
1.927447021007537842e-01
1.925335973501205444e-01
1.923230290412902832e-01
1.921130716800689697e-01
1.919092983007431030e-01
1.917015761137008667e-01
1.914946138858795166e-01
1.912915855646133423e-01
1.910888105630874634e-01
1.908863186836242676e-01
1.906842440366744995e-01
1.904826313257217407e-01
1.902845501899719238e-01
1.900842338800430298e-01
1.898870766162872314e-01
1.896901577711105347e-01
1.894935667514801025e-01
1.892973631620407104e-01
1.891031563282012939e-01
1.889233589172363281e-01
1.888115257024765015e-01
1.886955052614212036e-01
1.885739266872406006e-01
1.884491890668869019e-01
1.883202195167541504e-01
1.881807297468185425e-01
1.879944801330566406e-01
1.877904832363128662e-01
1.875733435153961182e-01
1.873476505279541016e-01
1.871116757392883301e-01
1.868713796138763428e-01
1.866345405578613281e-01
1.864121705293655396e-01
1.862376630306243896e-01
1.860654354095458984e-01
1.858868300914764404e-01
1.857030391693115234e-01
1.855240166187286377e-01
1.853473186492919922e-01
1.851706206798553467e-01
1.849942207336425781e-01
1.848182827234268188e-01
1.846429854631423950e-01
1.845081448554992676e-01
1.843055486679077148e-01
1.841419637203216553e-01
1.839779913425445557e-01
1.838238537311553955e-01
1.836730986833572388e-01
1.835247725248336792e-01
1.833688914775848389e-01
1.832064390182495117e-01
1.830497384071350098e-01
1.829003989696502686e-01
1.827550530433654785e-01
1.826128512620925903e-01
1.824636459350585938e-01
1.823175847530364990e-01
1.821716725826263428e-01
1.820248961448669434e-01
1.818813979625701904e-01
1.817398965358734131e-01
1.816104948520660400e-01
1.814633607864379883e-01
1.813288033008575439e-01
1.811911314725875854e-01
1.810573488473892212e-01
1.809199154376983643e-01
1.807887256145477295e-01
1.806588768959045410e-01
1.805284768342971802e-01
1.803978979587554932e-01
1.802681237459182739e-01
1.801378428936004639e-01
1.800142526626586914e-01
1.798859685659408569e-01
1.797621250152587891e-01
1.796361505985260010e-01
1.795091331005096436e-01
1.793845891952514648e-01
1.792682707309722900e-01
1.791513115167617798e-01
1.790319085121154785e-01
1.789104193449020386e-01
1.787871718406677246e-01
1.786635220050811768e-01
1.785474419593811035e-01
1.784246861934661865e-01
1.783072501420974731e-01
1.781895905733108521e-01
1.780700683593750000e-01
1.779533922672271729e-01
1.778382956981658936e-01
1.777211576700210571e-01
1.776080727577209473e-01
1.774931102991104126e-01
1.773765236139297485e-01
1.772585809230804443e-01
1.771399825811386108e-01
1.770249605178833008e-01
1.769103109836578369e-01
1.767974644899368286e-01
1.766866445541381836e-01
1.765754818916320801e-01
1.764622330665588379e-01
1.763488352298736572e-01
1.762341558933258057e-01
1.761183291673660278e-01
1.760015636682510376e-01
1.758911907672882080e-01
1.757817417383193970e-01
1.756711304187774658e-01
1.755664944648742676e-01
1.754601299762725830e-01
1.753523796796798706e-01
1.752426922321319580e-01
1.751312464475631714e-01
1.750182807445526123e-01
1.749039888381958008e-01
1.747885644435882568e-01
1.746724992990493774e-01
1.745662093162536621e-01
1.744693517684936523e-01
1.743460893630981445e-01
1.742299944162368774e-01
1.741248965263366699e-01
1.740180253982543945e-01
1.739095300436019897e-01
1.737996190786361694e-01
1.736884415149688721e-01
1.735761463642120361e-01
1.734628677368164062e-01
1.733486950397491455e-01
1.732337772846221924e-01
1.731181442737579346e-01
1.730048060417175293e-01
1.729020327329635620e-01
1.727817356586456299e-01
1.726691126823425293e-01
1.725592315196990967e-01
1.724480986595153809e-01
1.723358780145645142e-01
1.722226440906524658e-01
1.721106767654418945e-01
1.720197200775146484e-01
1.719194650650024414e-01
1.718094050884246826e-01
1.717002093791961670e-01
1.715808510780334473e-01
1.714566349983215332e-01
1.713320910930633545e-01
1.711950600147247314e-01
1.710447371006011963e-01
1.708900928497314453e-01
1.707772016525268555e-01
1.706068664789199829e-01
1.704561114311218262e-01
1.703186333179473877e-01
1.701871454715728760e-01
1.700392663478851318e-01
1.698871701955795288e-01
1.697298884391784668e-01
1.695989966392517090e-01
1.694802641868591309e-01
1.693365871906280518e-01
1.692213714122772217e-01
1.690843403339385986e-01
1.689580827951431274e-01
1.688191145658493042e-01
1.687204986810684204e-01
1.685593426227569580e-01
1.684455275535583496e-01
1.683216840028762817e-01
1.681859642267227173e-01
1.680682897567749023e-01
1.679589450359344482e-01
1.678439080715179443e-01
1.677151918411254883e-01
1.676263362169265747e-01
1.674844324588775635e-01
1.673833131790161133e-01
1.672722399234771729e-01
1.671593487262725830e-01
1.670430600643157959e-01
1.669642925262451172e-01
1.668086647987365723e-01
1.667076945304870605e-01
1.666008830070495605e-01
1.664806008338928223e-01
1.663891822099685669e-01
1.662472039461135864e-01
1.661505401134490967e-01
1.660575717687606812e-01
1.659669131040573120e-01
1.658561229705810547e-01
1.657264530658721924e-01
1.656036972999572754e-01
1.655383855104446411e-01
1.654043793678283691e-01
1.653356552124023438e-01
1.652560681104660034e-01
1.651636064052581787e-01
1.650713831186294556e-01
1.649582684040069580e-01
1.648465991020202637e-01
1.647260040044784546e-01
1.646427512168884277e-01
1.645373702049255371e-01
1.644761264324188232e-01
1.643290817737579346e-01
1.642440259456634521e-01
1.641906052827835083e-01
1.641218662261962891e-01
1.640334129333496094e-01
1.639275252819061279e-01
1.638063937425613403e-01
1.636856496334075928e-01
1.635850220918655396e-01
1.634981632232666016e-01
1.634052693843841553e-01
1.633201539516448975e-01
1.632481962442398071e-01
1.631651818752288818e-01
1.630756855010986328e-01
1.629754304885864258e-01
1.628783941268920898e-01
1.627785265445709229e-01
1.626782715320587158e-01
1.626032590866088867e-01
1.625329256057739258e-01
1.624486744403839111e-01
1.623620837926864624e-01
1.622696518898010254e-01
1.622062325477600098e-01
1.621388047933578491e-01
1.620573550462722778e-01
1.620072126388549805e-01
1.619068384170532227e-01
1.618428230285644531e-01
1.617665737867355347e-01
1.616796553134918213e-01
1.616272181272506714e-01
1.615194678306579590e-01
1.614794880151748657e-01
1.614262610673904419e-01
1.613583266735076904e-01
1.612771302461624146e-01
1.612185537815093994e-01
1.611309051513671875e-01
1.610384136438369751e-01
1.609704643487930298e-01
1.609011292457580566e-01
1.608419418334960938e-01
1.607742309570312500e-01
1.606989502906799316e-01
1.606626659631729126e-01
1.605573743581771851e-01
1.604931801557540894e-01
1.604203283786773682e-01
1.603525280952453613e-01
1.603417098522186279e-01
1.602410972118377686e-01
1.602054983377456665e-01
1.601537764072418213e-01
1.600877046585083008e-01
1.600089818239212036e-01
1.599342972040176392e-01
1.598978042602539062e-01
1.597900986671447754e-01
1.597664654254913330e-01
1.597287952899932861e-01
1.596802622079849243e-01
1.596222966909408569e-01
1.595592498779296875e-01
1.594887971878051758e-01
1.594150364398956299e-01
1.593410521745681763e-01
1.593068540096282959e-01
1.592178195714950562e-01
1.591717600822448730e-01
1.591194868087768555e-01
1.590608060359954834e-01
1.589964777231216431e-01
1.589291989803314209e-01
1.588841229677200317e-01
1.588391363620758057e-01
1.587845385074615479e-01
1.587191820144653320e-01
1.586651653051376343e-01
1.586190164089202881e-01
1.585660278797149658e-01
1.585127115249633789e-01
1.584586054086685181e-01
1.584012508392333984e-01
1.583665907382965088e-01
1.583055108785629272e-01
1.582693308591842651e-01
1.582255959510803223e-01
1.581747829914093018e-01
1.581177562475204468e-01
1.580778211355209351e-01
1.580684781074523926e-01
1.579796671867370605e-01
1.579486429691314697e-01
1.579199731349945068e-01
1.578799486160278320e-01
1.578320264816284180e-01
1.577762961387634277e-01
1.577190309762954712e-01
1.576742976903915405e-01
1.576201915740966797e-01
1.575768142938613892e-01
1.575284898281097412e-01
1.574745178222656250e-01
1.574642360210418701e-01
1.573976576328277588e-01
1.573740839958190918e-01
1.573405712842941284e-01
1.572974920272827148e-01
1.572475135326385498e-01
1.571920812129974365e-01
1.571396887302398682e-01
1.571038961410522461e-01
1.570659130811691284e-01
1.570232808589935303e-01
1.569815874099731445e-01
1.569464504718780518e-01
1.569031178951263428e-01
1.568470299243927002e-01
1.568329930305480957e-01
1.568010002374649048e-01
1.567835509777069092e-01
1.567561328411102295e-01
1.567198187112808228e-01
1.566878557205200195e-01
1.566397547721862793e-01
1.565961241722106934e-01
1.565465331077575684e-01
1.565207093954086304e-01
1.564723253250122070e-01
1.564419418573379517e-01
1.564067304134368896e-01
1.563649177551269531e-01
1.563209593296051025e-01
1.563313007354736328e-01
1.562489867210388184e-01
1.562220305204391479e-01
1.562055647373199463e-01
1.561725735664367676e-01
1.561220288276672363e-01
1.560848355293273926e-01
1.560471355915069580e-01
1.560544073581695557e-01
1.559850871562957764e-01
1.559590995311737061e-01
1.559305638074874878e-01
1.558977365493774414e-01
1.558648049831390381e-01
1.558239310979843140e-01
1.557922959327697754e-01
1.557582318782806396e-01
1.557710766792297363e-01
1.557031571865081787e-01
1.556828767061233521e-01
1.556590944528579712e-01
1.556284725666046143e-01
1.555967777967453003e-01
1.555537283420562744e-01
1.555167585611343384e-01
1.555528342723846436e-01
1.554686576128005981e-01
1.554598063230514526e-01
1.554431021213531494e-01
1.554193794727325439e-01
1.553893685340881348e-01
1.553538143634796143e-01
1.553214490413665771e-01
1.552863270044326782e-01
1.552481800317764282e-01
1.552457213401794434e-01
1.552054136991500854e-01
1.551887392997741699e-01
1.551679670810699463e-01
1.551449447870254517e-01
1.551175266504287720e-01
1.550853252410888672e-01
1.550514996051788330e-01
1.550159156322479248e-01
1.550147831439971924e-01
1.549621969461441040e-01
1.549481004476547241e-01
1.549303233623504639e-01
1.549066901206970215e-01
1.548778414726257324e-01
1.548444032669067383e-01
1.548169851303100586e-01
1.547864973545074463e-01
1.547759473323822021e-01
1.547688692808151245e-01
1.547570824623107910e-01
1.547392159700393677e-01
1.547170877456665039e-01
1.546911299228668213e-01
1.546645164489746094e-01
1.546356379985809326e-01
1.546047031879425049e-01
1.545720845460891724e-01
1.545379757881164551e-01
1.545926034450531006e-01
1.544860154390335083e-01
1.544664055109024048e-01
1.544448435306549072e-01
1.544363796710968018e-01
1.544039994478225708e-01
1.543768942356109619e-01
1.543490290641784668e-01
1.543747782707214355e-01
1.543121784925460815e-01
1.543009579181671143e-01
1.542845070362091064e-01
1.542634218931198120e-01
1.542468667030334473e-01
1.542154252529144287e-01
1.541947871446609497e-01
1.541740894317626953e-01
1.541520655155181885e-01
1.541456133127212524e-01
1.541363000869750977e-01
1.541246622800827026e-01
1.541115045547485352e-01
1.540937721729278564e-01
1.540718674659729004e-01
1.540462970733642578e-01
1.540198326110839844e-01
1.539930701255798340e-01
1.539649963378906250e-01
1.539892256259918213e-01
1.539298593997955322e-01
1.539234369993209839e-01
1.539288014173507690e-01
1.539304852485656738e-01
1.539264023303985596e-01
1.539170593023300171e-01
1.539030671119689941e-01
1.538848727941513062e-01
1.538629680871963501e-01
1.538377702236175537e-01
1.538101881742477417e-01
1.537822186946868896e-01
1.537562012672424316e-01
1.537291407585144043e-01
1.537011563777923584e-01
1.537548154592514038e-01
1.536613702774047852e-01
1.536478400230407715e-01
1.536320745944976807e-01
1.536143273115158081e-01
1.535948514938354492e-01
1.535738110542297363e-01
1.535723060369491577e-01
1.535513699054718018e-01
1.535179018974304199e-01
1.535102725028991699e-01
1.535061746835708618e-01
1.535069346427917480e-01
1.535028219223022461e-01
1.534942984580993652e-01
1.534818112850189209e-01
1.534658074378967285e-01
1.534466892480850220e-01
1.534247994422912598e-01
1.534004956483840942e-01
1.533740907907485962e-01
1.533495038747787476e-01
1.533257663249969482e-01
1.533976495265960693e-01
1.532937586307525635e-01
1.532838344573974609e-01
1.532717943191528320e-01
1.532578766345977783e-01
1.532425135374069214e-01
1.532261669635772705e-01
1.532075405120849609e-01
1.531919240951538086e-01
1.531750559806823730e-01
1.531693935394287109e-01
1.531450599431991577e-01
1.531312018632888794e-01
1.531499624252319336e-01
1.531276702880859375e-01
1.531352549791336060e-01
1.531380265951156616e-01
1.531363874673843384e-01
1.531307846307754517e-01
1.531216055154800415e-01
1.531092226505279541e-01
1.530939936637878418e-01
1.530762612819671631e-01
1.530563086271286011e-01
1.530344188213348389e-01
1.530108451843261719e-01
1.529860198497772217e-01
1.529642641544342041e-01
1.529429256916046143e-01
1.530286967754364014e-01
1.529155075550079346e-01
1.529078185558319092e-01
1.528982818126678467e-01
1.528870910406112671e-01
1.528845429420471191e-01
1.528649628162384033e-01
1.528540253639221191e-01
1.528411656618118286e-01
1.528269648551940918e-01
1.528117656707763672e-01
1.527903079986572266e-01
1.527178287506103516e-01
1.525269299745559692e-01
1.521713137626647949e-01
1.519507467746734619e-01
1.516119837760925293e-01
1.512069404125213623e-01
1.507328450679779053e-01
1.502053439617156982e-01
1.497676372528076172e-01
1.492706537246704102e-01
1.487728208303451538e-01
1.482928097248077393e-01
1.477489471435546875e-01
1.473001539707183838e-01
1.468143463134765625e-01
1.462949216365814209e-01
1.457490921020507812e-01
1.451831459999084473e-01
1.448027640581130981e-01
1.443336009979248047e-01
1.437675654888153076e-01
1.432136446237564087e-01
1.427751481533050537e-01
1.423142552375793457e-01
1.418356895446777344e-01
1.413436830043792725e-01
1.408419609069824219e-01
1.404865831136703491e-01
1.400613486766815186e-01
1.395301818847656250e-01
1.391474008560180664e-01
1.387804001569747925e-01
1.383957415819168091e-01
1.379967927932739258e-01
1.375865936279296875e-01
1.371678560972213745e-01
1.367429792881011963e-01
1.363140493631362915e-01
1.359893381595611572e-01
1.356511712074279785e-01
1.351904124021530151e-01
1.348996758460998535e-01
1.346001029014587402e-01
1.342861056327819824e-01
1.339600682258605957e-01
1.336241960525512695e-01
1.332836449146270752e-01
1.329314857721328735e-01
1.325780302286148071e-01
1.322214454412460327e-01
1.318799555301666260e-01
1.315825432538986206e-01
1.313007771968841553e-01
1.310374736785888672e-01
1.307664960622787476e-01
1.304786205291748047e-01
1.301639080047607422e-01
1.299259811639785767e-01
1.296431124210357666e-01
1.293622702360153198e-01
1.291326284408569336e-01
1.288941353559494019e-01
1.286467313766479492e-01
1.283920407295227051e-01
1.281340271234512329e-01
1.278712749481201172e-01
1.276833862066268921e-01
1.274043917655944824e-01
1.272140145301818848e-01
1.270348131656646729e-01
1.268277168273925781e-01
1.265965700149536133e-01
1.263448596000671387e-01
1.261274218559265137e-01
1.259048879146575928e-01
1.257588863372802734e-01
1.255188286304473877e-01
1.253190636634826660e-01
1.251524984836578369e-01
1.249619424343109131e-01
1.247670501470565796e-01
1.245996952056884766e-01
1.244115233421325684e-01
1.242041215300559998e-01
1.239803284406661987e-01
1.237691417336463928e-01
1.236306130886077881e-01
1.234311088919639587e-01
1.232447996735572815e-01
1.231144815683364868e-01
1.229731589555740356e-01
1.228114739060401917e-01
1.226320713758468628e-01
1.224373951554298401e-01
1.222717612981796265e-01
1.221012771129608154e-01
1.219698786735534668e-01
1.217723861336708069e-01
1.216115206480026245e-01
1.214427500963211060e-01
1.212742924690246582e-01
1.211768016219139099e-01
1.210009753704071045e-01
1.208663135766983032e-01
1.207157745957374573e-01
1.205514445900917053e-01
1.204378157854080200e-01
1.202758103609085083e-01
1.201453506946563721e-01
1.200175061821937561e-01
1.198816895484924316e-01
1.197323575615882874e-01
1.195926591753959656e-01
1.194904968142509460e-01
1.193251907825469971e-01
1.192058324813842773e-01
1.190826520323753357e-01
1.189464107155799866e-01
1.188146620988845825e-01
1.187274008989334106e-01
1.185656636953353882e-01
1.184604614973068237e-01
1.183415651321411133e-01
1.182165741920471191e-01
1.180919259786605835e-01
1.179579645395278931e-01
1.178661361336708069e-01
1.177513226866722107e-01
1.176525056362152100e-01
1.175408437848091125e-01
1.174179315567016602e-01
1.172908395528793335e-01
1.171751320362091064e-01
1.170671284198760986e-01
1.169668585062026978e-01
1.168665140867233276e-01
1.167581379413604736e-01
1.166492551565170288e-01
1.165342181921005249e-01
1.164180412888526917e-01
1.163368150591850281e-01
1.162230670452117920e-01
1.161378622055053711e-01
1.160411760210990906e-01
1.159343942999839783e-01
1.158188134431838989e-01
1.156983897089958191e-01
1.156904846429824829e-01
1.155089437961578369e-01
1.154282763600349426e-01
1.153368651866912842e-01
1.152360439300537109e-01
1.151356399059295654e-01
1.150333955883979797e-01
1.149544864892959595e-01
1.148655042052268982e-01
1.147985011339187622e-01
1.147202998399734497e-01
1.146322190761566162e-01
1.145354434847831726e-01
1.144310310482978821e-01
1.143200099468231201e-01
1.142032966017723083e-01
1.142675802111625671e-01
1.140784621238708496e-01
1.139793843030929565e-01
1.139362156391143799e-01
1.138808280229568481e-01
1.138198524713516235e-01
1.137381047010421753e-01
1.136530786752700806e-01
1.135646551847457886e-01
1.134856939315795898e-01
1.133934184908866882e-01
1.133020445704460144e-01
1.132114976644515991e-01
1.131145060062408447e-01
1.130119264125823975e-01
1.129166930913925171e-01
1.128174513578414917e-01
1.127070337533950806e-01
1.126558929681777954e-01
1.125575155019760132e-01
1.124913543462753296e-01
1.124171912670135498e-01
1.123359799385070801e-01
1.122523695230484009e-01
1.121978536248207092e-01
1.121338903903961182e-01
1.120645552873611450e-01
1.119881048798561096e-01
1.119053363800048828e-01
1.118170395493507385e-01
1.117400377988815308e-01
1.116589754819869995e-01
1.115841493010520935e-01
1.115879565477371216e-01
1.114167943596839905e-01
1.113653033971786499e-01
1.113123595714569092e-01
1.112514808773994446e-01
1.111834719777107239e-01
1.111091971397399902e-01
1.110294014215469360e-01
1.109447777271270752e-01
1.108559519052505493e-01
1.108786463737487793e-01
1.107107698917388916e-01
1.106400787830352783e-01
1.105691343545913696e-01
1.105078086256980896e-01
1.104453876614570618e-01
1.103672832250595093e-01
1.102886050939559937e-01
1.102519184350967407e-01
1.102086901664733887e-01
1.101576313376426697e-01
1.100996583700180054e-01
1.100354343652725220e-01
1.099656894803047180e-01
1.098911315202713013e-01
1.098123043775558472e-01
1.097298115491867065e-01
1.096480339765548706e-01
1.095799803733825684e-01
1.095304340124130249e-01
1.094559058547019958e-01
1.094099357724189758e-01
1.093602403998374939e-01
1.093042641878128052e-01
1.092426702380180359e-01
1.091761067509651184e-01
1.091051548719406128e-01
1.090304255485534668e-01
1.089523583650588989e-01
1.089381873607635498e-01
1.088223159313201904e-01
1.087674349546432495e-01
1.087073758244514465e-01
1.086571067571640015e-01
1.085966303944587708e-01
1.085400879383087158e-01
1.084676235914230347e-01
1.083944588899612427e-01
1.083320528268814087e-01
1.083020046353340149e-01
1.082291528582572937e-01
1.081917136907577515e-01
1.081380993127822876e-01
1.080847084522247314e-01
1.080265119671821594e-01
1.079640388488769531e-01
1.078978031873703003e-01
1.078282594680786133e-01
1.077558845281600952e-01
1.077045574784278870e-01
1.077160090208053589e-01
1.075784564018249512e-01
1.075392514467239380e-01
1.074942946434020996e-01
1.074441522359848022e-01
1.073893904685974121e-01
1.073305308818817139e-01
1.072680503129959106e-01
1.072023957967758179e-01
1.071339920163154602e-01
1.070875376462936401e-01
1.070443913340568542e-01
1.069677397608757019e-01
1.069307103753089905e-01
1.068888977169990540e-01
1.068420559167861938e-01
1.067907288670539856e-01
1.067353859543800354e-01
1.066765040159225464e-01
1.066145300865173340e-01
1.065497994422912598e-01
1.064826995134353638e-01
1.064379215240478516e-01
1.064029857516288757e-01
1.063197255134582520e-01
1.062844470143318176e-01
1.062439531087875366e-01
1.061987504363059998e-01
1.061493754386901855e-01
1.060962527990341187e-01
1.060398295521736145e-01
1.059804856777191162e-01
1.059186086058616638e-01
1.058544963598251343e-01
1.058061793446540833e-01
1.057456284761428833e-01
1.056926846504211426e-01
1.056552901864051819e-01
1.056133210659027100e-01
1.055672466754913330e-01
1.055175215005874634e-01
1.054648011922836304e-01
1.054147779941558838e-01
1.053618565201759338e-01
1.053060889244079590e-01
1.052502095699310303e-01
1.051934808492660522e-01
1.051365956664085388e-01
1.051008179783821106e-01
1.050454527139663696e-01
1.050086840987205505e-01
1.049676612019538879e-01
1.049228757619857788e-01
1.048746854066848755e-01
1.048234626650810242e-01
1.047696098685264587e-01
1.047134995460510254e-01
1.046609580516815186e-01
1.046103909611701965e-01
1.045645400881767273e-01
1.045064702630043030e-01
1.045025959610939026e-01
1.044306457042694092e-01
1.043999865651130676e-01
1.043655872344970703e-01
1.043278202414512634e-01
1.042870059609413147e-01
1.042434871196746826e-01
1.041975319385528564e-01
1.041494309902191162e-01
1.040994226932525635e-01
1.040671095252037048e-01
1.040191948413848877e-01
1.039566099643707275e-01
1.039106994867324829e-01
1.038627997040748596e-01
1.038131564855575562e-01
1.037683039903640747e-01
1.037334352731704712e-01
1.037012636661529541e-01
1.036700457334518433e-01
1.036281809210777283e-01
1.035878658294677734e-01
1.035450845956802368e-01
1.035000979900360107e-01
1.034531816840171814e-01
1.034217625856399536e-01
1.033750027418136597e-01
1.033225059509277344e-01
1.032784581184387207e-01
1.032356843352317810e-01
1.031908839941024780e-01
1.031443178653717041e-01
1.030961349606513977e-01
1.030465885996818542e-01
1.031027436256408691e-01
1.029672622680664062e-01
1.029353663325309753e-01
1.029004752635955811e-01
1.028642058372497559e-01
1.028254106640815735e-01
1.027836650609970093e-01
1.027392894029617310e-01
1.026925891637802124e-01
1.026438698172569275e-01
1.026096194982528687e-01
1.025678515434265137e-01
1.025082617998123169e-01
1.024656146764755249e-01
1.024212539196014404e-01
1.024316921830177307e-01
1.023508608341217041e-01
1.023228541016578674e-01
1.022917330265045166e-01
1.022577881813049316e-01
1.022221073508262634e-01
1.021836996078491211e-01
1.021426022052764893e-01
1.020991057157516479e-01
1.020541042089462280e-01
1.020182445645332336e-01
1.019770354032516479e-01
1.019231230020523071e-01
1.018807440996170044e-01
1.018368601799011230e-01
1.017916500568389893e-01
1.017495095729827881e-01
1.017029657959938049e-01
1.017203480005264282e-01
1.016361936926841736e-01
1.016098186373710632e-01
1.015804335474967957e-01
1.015498489141464233e-01
1.015145331621170044e-01
1.014790609478950500e-01
1.014408990740776062e-01
1.014003306627273560e-01
1.013581603765487671e-01
1.013149544596672058e-01
1.012705042958259583e-01
1.012249886989593506e-01
1.011875718832015991e-01
1.011444628238677979e-01
1.010976359248161316e-01
1.010574698448181152e-01
1.010158807039260864e-01
1.010009795427322388e-01
1.009504795074462891e-01
1.009247750043869019e-01
1.008962467312812805e-01
1.008655130863189697e-01
1.008330062031745911e-01
1.007977798581123352e-01
1.007601320743560791e-01
1.007203385233879089e-01
1.006787270307540894e-01
1.006367802619934082e-01
1.005937382578849792e-01
1.005625650286674500e-01
1.005208417773246765e-01
1.004691720008850098e-01
1.004321351647377014e-01
1.003864109516143799e-01
1.003450304269790649e-01
1.003026589751243591e-01
1.003697365522384644e-01
1.002406626939773560e-01
1.002187281847000122e-01
1.001938730478286743e-01
1.001663655042648315e-01
1.001368984580039978e-01
1.001055166125297546e-01
1.000715941190719604e-01
1.000353991985321045e-01
9.999722242355346680e-02
9.995780885219573975e-02
9.991770982742309570e-02
9.987656027078628540e-02
9.983449429273605347e-02
9.979164600372314453e-02
9.974810481071472168e-02
9.971360862255096436e-02
9.967302531003952026e-02
9.962761402130126953e-02
9.959530085325241089e-02
9.957126528024673462e-02
9.954956173896789551e-02
9.952510893344879150e-02
9.949821233749389648e-02
9.946948289871215820e-02
9.943901002407073975e-02
9.940987825393676758e-02
9.937147796154022217e-02
9.933485090732574463e-02
9.929696470499038696e-02
9.925849735736846924e-02
9.921905398368835449e-02
9.917876124382019043e-02
9.913773834705352783e-02
9.909605979919433594e-02
9.905381500720977783e-02
9.903456270694732666e-02
9.899689257144927979e-02
9.893734008073806763e-02
9.890107810497283936e-02
9.892557561397552490e-02
9.884501993656158447e-02
9.882348775863647461e-02
9.879947453737258911e-02
9.877321124076843262e-02
9.874489903450012207e-02
9.871579706668853760e-02
9.868456423282623291e-02
9.865136444568634033e-02
9.861640632152557373e-02
9.857989102602005005e-02
9.854200482368469238e-02
9.850409626960754395e-02
9.846545755863189697e-02
9.842614084482192993e-02
9.838626533746719360e-02
9.835544973611831665e-02
9.831656515598297119e-02
9.827633947134017944e-02
9.825015068054199219e-02
9.820712357759475708e-02
9.819135814905166626e-02
9.815316647291183472e-02
9.813258051872253418e-02
9.810964763164520264e-02
9.808459877967834473e-02
9.805759787559509277e-02
9.802891314029693604e-02
9.799908101558685303e-02
9.796780347824096680e-02
9.793481230735778809e-02
9.790036082267761230e-02
9.786467254161834717e-02
9.782867878675460815e-02
9.779196977615356445e-02
9.775462746620178223e-02
9.771672636270523071e-02
9.768489003181457520e-02
9.764724224805831909e-02
9.761235862970352173e-02
9.757992625236511230e-02
9.754651784896850586e-02
9.751221537590026855e-02
9.747719019651412964e-02
9.748393297195434570e-02
9.742327779531478882e-02
9.740271419286727905e-02
9.738007187843322754e-02
9.735594689846038818e-02
9.733059257268905640e-02
9.730498492717742920e-02
9.727467596530914307e-02
9.724439680576324463e-02
9.721262007951736450e-02
9.717950224876403809e-02
9.714547544717788696e-02
9.711141139268875122e-02
9.707663208246231079e-02
9.704128652811050415e-02
9.700542688369750977e-02
9.698203206062316895e-02
9.695727378129959106e-02
9.691078215837478638e-02
9.687477350234985352e-02
9.684532880783081055e-02
9.681482613086700439e-02
9.678342938423156738e-02
9.675119817256927490e-02
9.681815654039382935e-02
9.670208394527435303e-02
9.668360650539398193e-02
9.666309505701065063e-02
9.664067625999450684e-02
9.661655128002166748e-02
9.659087657928466797e-02
9.656426310539245605e-02
9.653641283512115479e-02
9.650705754756927490e-02
9.647637605667114258e-02
9.644448757171630859e-02
9.641180932521820068e-02
9.637892246246337891e-02
9.634549915790557861e-02
9.631152451038360596e-02
9.627716988325119019e-02
9.624244272708892822e-02
9.620833396911621094e-02
9.617266058921813965e-02
9.613765776157379150e-02
9.612818062305450439e-02
9.609508514404296875e-02
9.610308706760406494e-02
9.602966159582138062e-02
9.601466357707977295e-02
9.599746018648147583e-02
9.597861766815185547e-02
9.595853835344314575e-02
9.593639522790908813e-02
9.591238945722579956e-02
9.588670730590820312e-02
9.585951268672943115e-02
9.583099186420440674e-02
9.580126404762268066e-02
9.577119350433349609e-02
9.574072062969207764e-02
9.570960700511932373e-02
9.567794948816299438e-02
9.564580768346786499e-02
9.561325609683990479e-02
9.558036178350448608e-02
9.554716944694519043e-02
9.552015364170074463e-02
9.548760950565338135e-02
9.545141458511352539e-02
9.542047977447509766e-02
9.538910537958145142e-02
9.535735845565795898e-02
9.542939066886901855e-02
9.530911594629287720e-02
9.529109299182891846e-02
9.527137875556945801e-02
9.525014460086822510e-02
9.522753953933715820e-02
9.520368278026580811e-02
9.517870843410491943e-02
9.515288472175598145e-02
9.512698650360107422e-02
9.510229527950286865e-02
9.507404267787933350e-02
9.504787623882293701e-02
9.502105414867401123e-02
9.499357640743255615e-02
9.496542066335678101e-02
9.493663907051086426e-02
9.491370618343353271e-02
9.488107264041900635e-02
9.485404938459396362e-02
9.482634067535400391e-02
9.479804337024688721e-02
9.476921707391738892e-02
9.473992884159088135e-02
9.471026062965393066e-02
9.468024969100952148e-02
9.464995563030242920e-02
9.473177790641784668e-02
9.460753947496414185e-02
9.459362924098968506e-02
9.457784891128540039e-02
9.456036984920501709e-02
9.454211592674255371e-02
9.452247619628906250e-02
9.450123459100723267e-02
9.447851777076721191e-02
9.445451200008392334e-02
9.442932903766632080e-02
9.440312534570693970e-02
9.437596797943115234e-02
9.434814006090164185e-02
9.432049095630645752e-02
9.429238736629486084e-02
9.426387399435043335e-02
9.423500299453735352e-02
9.420584142208099365e-02
9.417642652988433838e-02
9.414678066968917847e-02
9.411698579788208008e-02
9.409810602664947510e-02
9.406732767820358276e-02
9.403662383556365967e-02
9.401211142539978027e-02
9.398692846298217773e-02
9.396115690469741821e-02
9.396228939294815063e-02
9.392306208610534668e-02
9.390939772129058838e-02
9.389401972293853760e-02
9.387712180614471436e-02
9.385882318019866943e-02
9.383925050497055054e-02
9.381924569606781006e-02
9.379801899194717407e-02
9.377556294202804565e-02
9.375199675559997559e-02
9.372746944427490234e-02
9.370206296443939209e-02
9.367588162422180176e-02
9.364943206310272217e-02
9.362290054559707642e-02
9.359598904848098755e-02
9.356876462697982788e-02
9.354126453399658203e-02
9.351354837417602539e-02
9.348563104867935181e-02
9.345755726099014282e-02
9.342934936285018921e-02
9.341942518949508667e-02
9.338776022195816040e-02
9.335333108901977539e-02
9.333017468452453613e-02
9.330642223358154297e-02
9.328217059373855591e-02
9.326744824647903442e-02
9.324366599321365356e-02
9.322828799486160278e-02
9.321847558021545410e-02
9.320683032274246216e-02
9.319350868463516235e-02
9.317864477634429932e-02
9.316246956586837769e-02
9.314556419849395752e-02
9.312720596790313721e-02
9.310753643512725830e-02
9.308668971061706543e-02
9.306478500366210938e-02
9.304191172122955322e-02
9.301830083131790161e-02
9.299463033676147461e-02
9.297044575214385986e-02
9.294580668210983276e-02
9.292078763246536255e-02
9.289543330669403076e-02
9.286978840827941895e-02
9.284389019012451172e-02
9.281778335571289062e-02
9.279151260852813721e-02
9.276509284973144531e-02
9.273855388164520264e-02
9.271192550659179688e-02
9.268523752689361572e-02
9.265848994255065918e-02
9.263172745704650879e-02
9.262385219335556030e-02
9.259417653083801270e-02
9.256000816822052002e-02
9.253828972578048706e-02
9.251607954502105713e-02
9.254214912652969360e-02
9.248404949903488159e-02
9.247301518917083740e-02
9.246043860912322998e-02
9.244647622108459473e-02
9.243122488260269165e-02
9.241484105587005615e-02
9.239809215068817139e-02
9.238024055957794189e-02
9.236129373311996460e-02
9.234135597944259644e-02
9.232052415609359741e-02
9.229889512062072754e-02
9.227657318115234375e-02
9.225364029407501221e-02
9.223043918609619141e-02
9.220728278160095215e-02
9.218530356884002686e-02
9.216055274009704590e-02
9.213700890541076660e-02
9.211324155330657959e-02
9.208928048610687256e-02
9.206515550613403320e-02
9.204090386629104614e-02
9.201653301715850830e-02
9.200130403041839600e-02
9.197591245174407959e-02
9.194694459438323975e-02
9.192465245723724365e-02
9.190209209918975830e-02
9.187930077314376831e-02
9.187245368957519531e-02
9.184625744819641113e-02
9.183478355407714844e-02
9.182201325893402100e-02
9.180805832147598267e-02
9.179301559925079346e-02
9.177745878696441650e-02
9.176115691661834717e-02
9.174379706382751465e-02
9.172549843788146973e-02
9.170637279748916626e-02
9.168647974729537964e-02
9.166590869426727295e-02
9.164474904537200928e-02
9.162305295467376709e-02
9.160243719816207886e-02
9.158223867416381836e-02
9.156271070241928101e-02
9.154270589351654053e-02
9.152227640151977539e-02
9.150148928165435791e-02
9.148036688566207886e-02
9.145896881818771362e-02
9.143733978271484375e-02
9.141547977924346924e-02
9.139346331357955933e-02
9.138280153274536133e-02
9.135172516107559204e-02
9.133177995681762695e-02
9.131149202585220337e-02
9.129090607166290283e-02
9.127006679773330688e-02
9.124901145696640015e-02
9.122776985168457031e-02
9.120682626962661743e-02
9.119728952646255493e-02
9.119288623332977295e-02
9.117539972066879272e-02
9.116278588771820068e-02
9.114918112754821777e-02
9.113460779190063477e-02
9.111970663070678711e-02
9.110406041145324707e-02
9.108750522136688232e-02
9.107013046741485596e-02
9.105202555656433105e-02
9.103327989578247070e-02
9.101395308971405029e-02
9.099411219358444214e-02
9.097381681203842163e-02
9.095358103513717651e-02
9.094406664371490479e-02
9.091538190841674805e-02
9.089705348014831543e-02
9.087833017110824585e-02
9.085924923419952393e-02
9.083986282348632812e-02
9.082020819187164307e-02
9.080031514167785645e-02
9.078022837638854980e-02
9.076835215091705322e-02
9.074307978153228760e-02
9.072569757699966431e-02
9.070788323879241943e-02
9.068968147039413452e-02
9.067115187644958496e-02
9.065231680870056152e-02
9.063321352005004883e-02
9.061391651630401611e-02
9.059440344572067261e-02
9.057474136352539062e-02
9.055493772029876709e-02
9.055943787097930908e-02
9.052687883377075195e-02
9.051751345396041870e-02
9.050703048706054688e-02
9.049550443887710571e-02
9.048303961753845215e-02
9.046969562768936157e-02
9.045559167861938477e-02
9.044143557548522949e-02
9.042643010616302490e-02
9.041066467761993408e-02
9.039419889450073242e-02
9.037714451551437378e-02
9.035953134298324585e-02
9.034246951341629028e-02
9.032332897186279297e-02
9.030480682849884033e-02
9.028819203376770020e-02
9.027027338743209839e-02
9.025377035140991211e-02
9.023685753345489502e-02
9.021959453821182251e-02
9.020201861858367920e-02
9.018416702747344971e-02
9.016607701778411865e-02
9.014778584241867065e-02
9.013029187917709351e-02
9.011185169219970703e-02
9.009414166212081909e-02
9.007622301578521729e-02
9.005810320377349854e-02
9.003983438014984131e-02
9.002141654491424561e-02
9.000289440155029297e-02
8.999115228652954102e-02
8.996798843145370483e-02
8.995140343904495239e-02
8.993454277515411377e-02
8.991743624210357666e-02
8.995072543621063232e-02
8.989392966032028198e-02
8.988650143146514893e-02
8.987792581319808960e-02
8.986832201480865479e-02
8.985773473978042603e-02
8.984629809856414795e-02
8.983445167541503906e-02
8.982202410697937012e-02
8.980876207351684570e-02
8.979475498199462891e-02
8.978006988763809204e-02
8.976478874683380127e-02
8.974896371364593506e-02
8.973266184329986572e-02
8.971594274044036865e-02
8.969886600971221924e-02
8.968181163072586060e-02
8.966472744941711426e-02
8.964746445417404175e-02
8.963005244731903076e-02
8.961252123117446899e-02
8.959488570690155029e-02
8.957716822624206543e-02
8.955936133861541748e-02
8.954150974750518799e-02
8.952656388282775879e-02
8.950804173946380615e-02
8.949495851993560791e-02
8.947692811489105225e-02
8.946134150028228760e-02
8.944552391767501831e-02
8.942948281764984131e-02
8.941324800252914429e-02
8.939684182405471802e-02
8.938426524400711060e-02
8.936592936515808105e-02
8.935121446847915649e-02
8.933620154857635498e-02
8.932092785835266113e-02
8.930543065071105957e-02
8.928972482681274414e-02
8.933689445257186890e-02
8.926855027675628662e-02
8.926210552453994751e-02
8.925461024045944214e-02
8.924612402915954590e-02
8.923676609992980957e-02
8.922658860683441162e-02
8.921574056148529053e-02
8.920466899871826172e-02
8.919282257556915283e-02
8.918026834726333618e-02
8.916709572076797485e-02
8.915334939956665039e-02
8.913911879062652588e-02
8.912442624568939209e-02
8.910933881998062134e-02
8.909390866756439209e-02
8.907845616340637207e-02
8.906296640634536743e-02
8.904732763767242432e-02
8.903153240680694580e-02
8.901562541723251343e-02
8.899962902069091797e-02
8.898352086544036865e-02
8.897280693054199219e-02
8.895253390073776245e-02
8.893789350986480713e-02
8.892336487770080566e-02
8.890862762928009033e-02
8.889371156692504883e-02
8.887863159179687500e-02
8.886341750621795654e-02
8.884808421134948730e-02
8.883266150951385498e-02
8.881715685129165649e-02
8.880159258842468262e-02
8.879007399082183838e-02
8.877323567867279053e-02
8.876016736030578613e-02
8.874680846929550171e-02
8.873318135738372803e-02
8.871931582689285278e-02
8.870524913072586060e-02
8.869100362062454224e-02
8.870331943035125732e-02
8.867226541042327881e-02
8.866684883832931519e-02
8.866043388843536377e-02
8.865310996770858765e-02
8.864820003509521484e-02
8.863636851310729980e-02
8.862742781639099121e-02
8.861796557903289795e-02
8.860774338245391846e-02
8.859682828187942505e-02
8.858530968427658081e-02
8.857323229312896729e-02
8.856067061424255371e-02
8.854766190052032471e-02
8.853425830602645874e-02
8.852051198482513428e-02
8.850645273923873901e-02
8.849225938320159912e-02
8.847820758819580078e-02
8.846401423215866089e-02
8.844968676567077637e-02
8.843526244163513184e-02
8.842073380947113037e-02
8.840613812208175659e-02
8.839148283004760742e-02
8.838258683681488037e-02
8.836413919925689697e-02
8.835125714540481567e-02
8.833815902471542358e-02
8.832487463951110840e-02
8.831141889095306396e-02
8.829782903194427490e-02
8.828411996364593506e-02
8.827029168605804443e-02
8.825638890266418457e-02
8.824241161346435547e-02
8.822837471961975098e-02
8.821427822113037109e-02
8.820229768753051758e-02
8.818805962800979614e-02
8.817569911479949951e-02
8.816315978765487671e-02
8.815044164657592773e-02
8.813756704330444336e-02
8.812455832958221436e-02
8.814071118831634521e-02
8.810782432556152344e-02
8.810322731733322144e-02
8.809770643711090088e-02
8.809133619070053101e-02
8.808420598506927490e-02
8.807638287544250488e-02
8.806826174259185791e-02
8.805969357490539551e-02
8.805045485496520996e-02
8.804059773683547974e-02
8.803020417690277100e-02
8.801931142807006836e-02
8.800799399614334106e-02
8.799627423286437988e-02
8.798421919345855713e-02
8.797185122966766357e-02
8.795921504497528076e-02
8.794634044170379639e-02
8.793345093727111816e-02
8.792068064212799072e-02
8.790779113769531250e-02
8.789651095867156982e-02
8.788205683231353760e-02
8.786921203136444092e-02
8.785627782344818115e-02
8.784329891204833984e-02
8.783023804426193237e-02
8.781713247299194336e-02
8.780401945114135742e-02
8.779828995466232300e-02
8.777964860200881958e-02
8.776822686195373535e-02
8.775661885738372803e-02
8.774483203887939453e-02
8.773291856050491333e-02
8.772087097167968750e-02
8.770872652530670166e-02
8.769647777080535889e-02
8.768415451049804688e-02
8.767177164554595947e-02
8.765934407711029053e-02
8.765101432800292969e-02
8.763591945171356201e-02
8.762477338314056396e-02
8.761347830295562744e-02
8.760203421115875244e-02
8.759045600891113281e-02
8.759490400552749634e-02
8.757606148719787598e-02
8.757244795560836792e-02
8.756797015666961670e-02
8.756269514560699463e-02
8.755671232938766479e-02
8.755005896091461182e-02
8.754312992095947266e-02
8.753579854965209961e-02
8.752781897783279419e-02
8.751928061246871948e-02
8.751022815704345703e-02
8.750071376562118530e-02
8.749075978994369507e-02
8.748045563697814941e-02
8.746983110904693604e-02
8.745889365673065186e-02
8.744770288467407227e-02
8.743628859519958496e-02
8.742468059062957764e-02
8.741317689418792725e-02
8.740167319774627686e-02
8.739008754491806030e-02
8.737842738628387451e-02
8.738173544406890869e-02
8.735680580139160156e-02
8.734667301177978516e-02
8.733633160591125488e-02
8.732579648494720459e-02
8.731511980295181274e-02
8.730429410934448242e-02
8.729333430528640747e-02
8.728228509426116943e-02
8.727113902568817139e-02
8.725991845130920410e-02
8.724862337112426758e-02
8.723729103803634644e-02
8.722590655088424683e-02
8.721449971199035645e-02
8.720305562019348145e-02
8.719795197248458862e-02
8.718196302652359009e-02
8.717210590839385986e-02
8.716385811567306519e-02
8.715203404426574707e-02
8.714181929826736450e-02
8.713149279356002808e-02
8.712104707956314087e-02
8.711051940917968750e-02
8.709990978240966797e-02
8.708924055099487305e-02
8.707849681377410889e-02
8.706772327423095703e-02
8.710992336273193359e-02
8.705458045005798340e-02
8.705142140388488770e-02
8.704751729965209961e-02
8.704290539026260376e-02
8.703766018152236938e-02
8.703181147575378418e-02
8.702544122934341431e-02
8.701906353235244751e-02
8.701214939355850220e-02
8.700472861528396606e-02
8.699684590101242065e-02
8.698853105306625366e-02
8.697985112667083740e-02
8.697083592414855957e-02
8.696153759956359863e-02
8.695195615291595459e-02
8.694215118885040283e-02
8.693213760852813721e-02
8.692194521427154541e-02
8.691159635782241821e-02
8.690129220485687256e-02
8.689108490943908691e-02
8.688080310821533203e-02
8.687047660350799561e-02
8.686065673828125000e-02
8.685142546892166138e-02
8.684254437685012817e-02
8.683348447084426880e-02
8.682426065206527710e-02
8.681489527225494385e-02
8.680539578199386597e-02
8.679579198360443115e-02
8.678609877824783325e-02
8.677631616592407227e-02
8.676646649837493896e-02
8.675655722618103027e-02
8.674660325050354004e-02
8.673661947250366211e-02
8.672659844160079956e-02
8.671655505895614624e-02
8.670648932456970215e-02
8.669642359018325806e-02
8.669170737266540527e-02
8.667764067649841309e-02
8.666881173849105835e-02
8.665984869003295898e-02
8.665076643228530884e-02
8.665338158607482910e-02
8.663619309663772583e-02
8.663032948970794678e-02
8.662405610084533691e-02
8.661743998527526855e-02
8.661047369241714478e-02
8.660321682691574097e-02
8.659566938877105713e-02
8.658789843320846558e-02
8.657990396022796631e-02
8.657170832157135010e-02
8.656334877014160156e-02
8.655482530593872070e-02
8.654618263244628906e-02
8.653740584850311279e-02
8.652852475643157959e-02
8.651955425739288330e-02
8.651051670312881470e-02
8.650140464305877686e-02
8.649224042892456055e-02
8.648302406072616577e-02
8.648280054330825806e-02
8.647265285253524780e-02
8.647074550390243530e-02
8.646811544895172119e-02
8.646482229232788086e-02
8.646156638860702515e-02
8.645768463611602783e-02
8.645315468311309814e-02
8.644803613424301147e-02
8.644239604473114014e-02
8.643627166748046875e-02
8.642973005771636963e-02
8.642278611660003662e-02
8.641550689935684204e-02
8.640791475772857666e-02
8.640003204345703125e-02
8.639191091060638428e-02
8.638356626033782959e-02
8.637502789497375488e-02
8.636632561683654785e-02
8.635747432708740234e-02
8.634848892688751221e-02
8.633939921855926514e-02
8.633042126893997192e-02
8.632262051105499268e-02
8.631514757871627808e-02
8.630748838186264038e-02
8.629965782165527344e-02
8.629168570041656494e-02
8.628357201814651489e-02
8.627535402774810791e-02
8.626704663038253784e-02
8.625864237546920776e-02
8.625017106533050537e-02
8.624164015054702759e-02
8.623306453227996826e-02
8.622443675994873047e-02
8.621578663587570190e-02
8.620709180831909180e-02
8.619839698076248169e-02
8.618967235088348389e-02
8.618095517158508301e-02
8.617222309112548828e-02
8.616349101066589355e-02
8.615680038928985596e-02
8.614759147167205811e-02
8.614028990268707275e-02
8.613283187150955200e-02
8.612526208162307739e-02
8.611759543418884277e-02
8.610983192920684814e-02
8.610200136899948120e-02
8.609409630298614502e-02
8.608613908290863037e-02
8.607812970876693726e-02
8.607009053230285645e-02
8.606201410293579102e-02
8.605391532182693481e-02
8.604893088340759277e-02
8.604518324136734009e-02
8.604387938976287842e-02
8.604191243648529053e-02
8.603933453559875488e-02
8.603619784116744995e-02
8.603254705667495728e-02
8.602842688560485840e-02
8.602431416511535645e-02
8.601973950862884521e-02
8.601472526788711548e-02
8.600929379463195801e-02
8.600350469350814819e-02
8.599739521741867065e-02
8.599099516868591309e-02
8.598611503839492798e-02
8.597769588232040405e-02
8.597083389759063721e-02
8.596375584602355957e-02
8.595649898052215576e-02
8.594907820224761963e-02
8.594151586294174194e-02
8.593383431434631348e-02
8.592620491981506348e-02
8.591865003108978271e-02
8.591102808713912964e-02
8.590334653854370117e-02
8.589562773704528809e-02
8.588829636573791504e-02
8.588080853223800659e-02
8.587363362312316895e-02
8.586639165878295898e-02
8.585906773805618286e-02
8.585169166326522827e-02
8.584426343441009521e-02
8.583679050207138062e-02
8.582928776741027832e-02
8.582175523042678833e-02
8.581420034170150757e-02
8.580663055181503296e-02
8.580867946147918701e-02
8.579294383525848389e-02
8.578666299581527710e-02
8.578026294708251953e-02
8.577373623847961426e-02
8.576709777116775513e-02
8.576036989688873291e-02
8.575356006622314453e-02
8.574668318033218384e-02
8.573974668979644775e-02
8.573275059461593628e-02
8.572571724653244019e-02
8.571865409612655640e-02
8.571153879165649414e-02
8.570442348718643188e-02
8.569727838039398193e-02
8.569012582302093506e-02
8.568295836448669434e-02
8.567579090595245361e-02
8.566862344741821289e-02
8.566145598888397217e-02
8.568839728832244873e-02
8.565413206815719604e-02
8.565333485603332520e-02
8.565194904804229736e-02
8.565000444650650024e-02
8.564756065607070923e-02
8.564464747905731201e-02
8.564165979623794556e-02
8.563832938671112061e-02
8.563455939292907715e-02
8.563039451837539673e-02
8.562587201595306396e-02
8.562101423740386963e-02
8.561587333679199219e-02
8.561046421527862549e-02
8.560481667518615723e-02
8.559896051883697510e-02
8.559292554855346680e-02
8.558671176433563232e-02
8.558035641908645630e-02
8.557387441396713257e-02
8.556728810071945190e-02
8.556059002876281738e-02
8.555381000041961670e-02
8.554699271917343140e-02
8.554035425186157227e-02
8.553370088338851929e-02
8.552701771259307861e-02
8.552031219005584717e-02
8.552435040473937988e-02
8.550824970006942749e-02
8.550277352333068848e-02
8.549714833498001099e-02
8.549140393733978271e-02
8.548555523157119751e-02
8.547961711883544922e-02
8.547359704971313477e-02
8.546750247478485107e-02
8.546134084463119507e-02
8.545687049627304077e-02
8.544909954071044922e-02
8.544300496578216553e-02
8.543685078620910645e-02
8.543065935373306274e-02
8.542442321777343750e-02
8.541816473007202148e-02
8.541187644004821777e-02
8.541021496057510376e-02
8.540038764476776123e-02
8.539507538080215454e-02
8.538965880870819092e-02
8.538413792848587036e-02
8.537852764129638672e-02
8.537282794713973999e-02
8.536706864833831787e-02
8.536124229431152344e-02
8.535536378622055054e-02
8.534944057464599609e-02
8.534348011016845703e-02
8.533748984336853027e-02
8.533149212598800659e-02
8.532544970512390137e-02
8.532266318798065186e-02
8.531466126441955566e-02
8.530978113412857056e-02
8.530477434396743774e-02
8.529965579509735107e-02
8.529442548751831055e-02
8.528911322355270386e-02
8.528372645378112793e-02
8.527825772762298584e-02
8.527274429798126221e-02
8.527908474206924438e-02
8.526808768510818481e-02
